Episode,Reward,Duration,Epsilon,Circles
0,1.0,3,1.00,0
1,3.5,8,1.00,0
2,6.5,14,1.00,0
3,5.5,12,1.00,0
4,1.0,3,0.99,0
5,6.5,14,0.99,0
6,1.5,4,0.99,0
7,1.5,4,0.99,0
8,1.0,3,0.99,0
9,6.5,14,0.99,0
10,1.0,3,0.99,0
11,9.0,19,0.99,0
12,1.0,3,0.99,0
13,1.0,3,0.99,0
14,9.0,19,0.98,0
15,1.0,3,0.98,0
16,4.5,10,0.98,0
17,1.5,4,0.98,0
18,1.0,3,0.98,0
19,5.0,11,0.98,0
20,1.5,4,0.98,0
21,1.5,4,0.98,0
22,3.5,8,0.98,0
23,1.0,3,0.98,0
24,3.5,8,0.98,0
25,3.5,8,0.98,0
26,1.0,3,0.97,0
27,1.0,3,0.97,0
28,1.0,3,0.97,0
29,5.0,11,0.97,0
30,1.0,3,0.97,0
31,1.0,3,0.97,0
32,11.5,24,0.97,0
33,1.0,3,0.97,0
34,5.5,12,0.97,0
35,7.5,16,0.97,0
36,1.5,4,0.96,0
37,1.5,4,0.96,0
38,1.5,4,0.96,0
39,5.5,12,0.96,0
40,1.0,3,0.96,0
41,1.0,3,0.96,0
42,1.0,3,0.96,0
43,1.0,3,0.96,0
44,1.0,3,0.96,0
45,1.0,3,0.96,0
46,1.0,3,0.96,0
47,1.0,3,0.96,0
48,1.0,3,0.96,0
49,4.5,10,0.96,0
50,1.0,3,0.96,0
51,1.0,3,0.96,0
52,5.0,11,0.95,0
53,1.5,4,0.95,0
54,1.0,3,0.95,0
55,1.0,3,0.95,0
56,1.5,4,0.95,0
57,1.5,4,0.95,0
58,1.0,3,0.95,0
59,1.0,3,0.95,0
60,3.5,8,0.95,0
61,12.5,26,0.95,0
62,3.5,8,0.95,0
63,1.5,4,0.95,0
64,1.5,4,0.95,0
65,6.5,14,0.94,0
66,1.5,4,0.94,0
67,17.5,36,0.94,0
68,1.0,3,0.94,0
69,5.0,11,0.94,0
70,1.0,3,0.94,0
71,1.5,4,0.94,0
72,1.0,3,0.94,0
73,1.0,3,0.94,0
74,9.0,19,0.93,0
75,1.5,4,0.93,0
76,1.5,4,0.93,0
77,1.0,3,0.93,0
78,1.0,3,0.93,0
79,1.0,3,0.93,0
80,1.5,4,0.93,0
81,1.0,3,0.93,0
82,1.5,4,0.93,0
83,5.5,12,0.93,0
84,1.0,3,0.93,0
85,1.0,3,0.93,0
86,15.5,32,0.92,0
87,1.5,4,0.92,0
88,3.5,8,0.92,0
89,1.5,4,0.92,0
90,5.0,11,0.92,0
91,1.5,4,0.92,0
92,1.0,3,0.92,0
93,4.5,10,0.92,0
94,1.5,4,0.92,0
95,1.0,3,0.92,0
96,5.5,12,0.92,0
97,1.0,3,0.92,0
98,5.5,12,0.92,0
99,1.5,4,0.91,0
100,1.5,4,0.91,0
101,1.5,4,0.91,0
102,1.0,3,0.91,0
103,4.5,10,0.91,0
104,18.0,37,0.91,0
105,1.5,4,0.91,0
106,1.0,3,0.91,0
107,1.0,3,0.91,0
108,1.5,4,0.91,0
109,1.0,3,0.91,0
110,1.0,3,0.91,0
111,1.5,4,0.90,0
112,1.5,4,0.90,0
113,3.5,8,0.90,0
114,1.0,3,0.90,0
115,1.5,4,0.90,0
116,1.5,4,0.90,0
117,1.5,4,0.90,0
118,1.5,4,0.90,0
119,1.5,4,0.90,0
120,1.5,4,0.90,0
121,3.5,8,0.90,0
122,1.5,4,0.90,0
123,1.5,4,0.90,0
124,5.5,12,0.90,0
125,1.0,3,0.90,0
126,3.5,8,0.90,0
127,3.5,8,0.90,0
128,1.0,3,0.90,0
129,1.0,3,0.89,0
130,1.5,4,0.89,0
131,1.0,3,0.89,0
132,1.5,4,0.89,0
133,1.5,4,0.89,0
134,1.5,4,0.89,0
135,1.0,3,0.89,0
136,1.5,4,0.89,0
137,1.0,3,0.89,0
138,4.5,10,0.89,0
139,3.5,8,0.89,0
140,8.5,18,0.89,0
141,1.0,3,0.89,0
142,1.0,3,0.89,0
143,1.0,3,0.89,0
144,5.0,11,0.88,0
145,1.0,3,0.88,0
146,3.5,8,0.88,0
147,3.5,8,0.88,0
148,5.0,11,0.88,0
149,3.5,8,0.88,0
150,1.5,4,0.88,0
151,1.5,4,0.88,0
152,1.5,4,0.88,0
153,4.5,10,0.88,0
154,1.0,3,0.88,0
155,1.0,3,0.88,0
156,6.5,14,0.88,0
157,1.5,4,0.88,0
158,1.5,4,0.87,0
159,1.0,3,0.87,0
160,1.0,3,0.87,0
161,1.0,3,0.87,0
162,1.0,3,0.87,0
163,1.0,3,0.87,0
164,1.5,4,0.87,0
165,1.0,3,0.87,0
166,1.0,3,0.87,0
167,1.0,3,0.87,0
168,5.5,12,0.87,0
169,3.5,8,0.87,0
170,3.5,8,0.87,0
171,1.5,4,0.87,0
172,3.5,8,0.87,0
173,5.5,12,0.87,0
174,5.0,11,0.86,0
175,1.0,3,0.86,0
176,1.0,3,0.86,0
177,4.5,10,0.86,0
178,1.0,3,0.86,0
179,1.5,4,0.86,0
180,3.5,8,0.86,0
181,5.5,12,0.86,0
182,1.0,3,0.86,0
183,1.0,3,0.86,0
184,1.5,4,0.86,0
185,1.0,3,0.86,0
186,1.0,3,0.86,0
187,5.0,11,0.86,0
188,1.0,3,0.86,0
189,1.0,3,0.86,0
190,1.0,3,0.86,0
191,1.5,4,0.85,0
192,1.0,3,0.85,0
193,4.5,10,0.85,0
194,1.0,3,0.85,0
195,1.0,3,0.85,0
196,3.5,8,0.85,0
197,3.5,8,0.85,0
198,1.5,4,0.85,0
199,1.0,3,0.85,0
200,6.5,14,0.85,0
201,1.0,3,0.85,0
202,1.0,3,0.85,0
203,1.0,3,0.85,0
204,1.0,3,0.85,0
205,1.5,4,0.85,0
206,3.5,8,0.85,0
207,1.5,4,0.85,0
208,1.0,3,0.84,0
209,1.0,3,0.84,0
210,1.5,4,0.84,0
211,1.0,3,0.84,0
212,1.0,3,0.84,0
213,3.5,8,0.84,0
214,1.0,3,0.84,0
215,1.5,4,0.84,0
216,1.0,3,0.84,0
217,1.5,4,0.84,0
218,1.5,4,0.84,0
219,1.0,3,0.84,0
220,5.5,12,0.84,0
221,1.0,3,0.84,0
222,1.0,3,0.84,0
223,1.5,4,0.84,0
224,1.5,4,0.84,0
225,1.5,4,0.84,0
226,1.0,3,0.84,0
227,4.5,10,0.84,0
228,1.0,3,0.83,0
229,5.5,12,0.83,0
230,1.0,3,0.83,0
231,1.5,4,0.83,0
232,1.0,3,0.83,0
233,16.5,34,0.83,0
234,1.5,4,0.83,0
235,1.0,3,0.83,0
236,5.5,12,0.83,0
237,1.0,3,0.83,0
238,8.5,18,0.82,0
239,1.0,3,0.82,0
240,1.0,3,0.82,0
241,7.5,16,0.82,0
242,1.5,4,0.82,0
243,1.0,3,0.82,0
244,3.5,8,0.82,0
245,3.5,8,0.82,0
246,1.5,4,0.82,0
247,1.0,3,0.82,0
248,1.0,3,0.82,0
249,8.5,18,0.82,0
250,1.5,4,0.82,0
251,1.0,3,0.82,0
252,1.5,4,0.82,0
253,4.5,10,0.81,0
254,1.5,4,0.81,0
255,1.0,3,0.81,0
256,1.0,3,0.81,0
257,1.0,3,0.81,0
258,1.0,3,0.81,0
259,1.0,3,0.81,0
260,3.5,8,0.81,0
261,3.5,8,0.81,0
262,3.5,8,0.81,0
263,1.0,3,0.81,0
264,1.0,3,0.81,0
265,1.0,3,0.81,0
266,5.0,11,0.81,0
267,1.5,4,0.81,0
268,1.0,3,0.81,0
269,4.5,10,0.81,0
270,1.5,4,0.81,0
271,1.0,3,0.81,0
272,7.5,16,0.80,0
273,3.5,8,0.80,0
274,1.5,4,0.80,0
275,1.0,3,0.80,0
276,1.0,3,0.80,0
277,1.5,4,0.80,0
278,1.0,3,0.80,0
279,3.5,8,0.80,0
280,1.0,3,0.80,0
281,1.0,3,0.80,0
282,1.0,3,0.80,0
283,3.5,8,0.80,0
284,1.0,3,0.80,0
285,1.5,4,0.80,0
286,5.5,12,0.80,0
287,1.0,3,0.80,0
288,1.5,4,0.80,0
289,1.0,3,0.80,0
290,1.0,3,0.80,0
291,1.0,3,0.79,0
292,9.5,20,0.79,0
293,1.0,3,0.79,0
294,1.5,4,0.79,0
295,1.5,4,0.79,0
296,1.0,3,0.79,0
297,1.0,3,0.79,0
298,1.0,3,0.79,0
299,1.5,4,0.79,0
