Episode,Reward,Duration,Epsilon,Circles
0,4.5,10,1.00,0
1,1.0,3,1.00,0
2,1.5,4,1.00,0
3,1.5,4,1.00,0
4,1.5,4,1.00,0
5,13.0,27,0.99,0
6,6.5,14,0.99,0
7,1.5,4,0.99,0
8,1.0,3,0.99,0
9,4.5,10,0.99,0
10,6.5,14,0.99,0
11,1.5,4,0.99,0
12,1.0,3,0.99,0
13,1.0,3,0.99,0
14,1.5,4,0.99,0
15,1.0,3,0.98,0
16,1.0,3,0.98,0
17,1.0,3,0.98,0
18,9.0,19,0.98,0
19,1.5,4,0.98,0
20,3.5,8,0.98,0
21,3.5,8,0.98,0
22,1.0,3,0.98,0
23,3.5,8,0.98,0
24,4.5,10,0.98,0
25,1.0,3,0.98,0
26,1.0,3,0.98,0
27,1.0,3,0.98,0
28,1.5,4,0.97,0
29,1.5,4,0.97,0
30,4.5,10,0.97,0
31,3.5,8,0.97,0
32,1.5,4,0.97,0
33,3.5,8,0.97,0
34,1.5,4,0.97,0
35,1.5,4,0.97,0
36,1.0,3,0.97,0
37,3.5,8,0.97,0
38,1.5,4,0.97,0
39,1.5,4,0.97,0
40,11.5,24,0.96,0
41,3.5,8,0.96,0
42,1.5,4,0.96,0
43,1.0,3,0.96,0
44,1.5,4,0.96,0
45,1.0,3,0.96,0
46,1.0,3,0.96,0
47,15.5,32,0.96,0
48,1.0,3,0.96,0
49,1.0,3,0.96,0
50,3.5,8,0.96,0
51,1.0,3,0.96,0
52,1.0,3,0.96,0
53,1.0,3,0.95,0
54,9.0,19,0.95,0
55,1.5,4,0.95,0
56,1.5,4,0.95,0
57,1.5,4,0.95,0
58,1.5,4,0.95,0
59,1.5,4,0.95,0
60,1.5,4,0.95,0
61,1.5,4,0.95,0
62,4.5,10,0.95,0
63,5.0,11,0.95,0
64,1.5,4,0.95,0
65,5.0,11,0.94,0
66,5.0,11,0.94,0
67,9.0,19,0.94,0
68,10.5,22,0.94,0
69,5.0,11,0.94,0
70,3.5,8,0.94,0
71,7.0,15,0.93,0
72,3.5,8,0.93,0
73,1.0,3,0.93,0
74,1.5,4,0.93,0
75,1.0,3,0.93,0
76,3.5,8,0.93,0
77,1.5,4,0.93,0
78,1.0,3,0.93,0
79,1.0,3,0.93,0
80,8.5,18,0.93,0
81,1.5,4,0.93,0
82,1.0,3,0.93,0
83,1.0,3,0.93,0
84,1.5,4,0.93,0
85,8.5,18,0.92,0
86,1.5,4,0.92,0
87,1.0,3,0.92,0
88,3.5,8,0.92,0
89,1.0,3,0.92,0
90,1.5,4,0.92,0
91,3.5,8,0.92,0
92,1.0,3,0.92,0
93,1.0,3,0.92,0
94,1.0,3,0.92,0
95,1.0,3,0.92,0
96,1.0,3,0.92,0
97,1.5,4,0.92,0
98,1.0,3,0.92,0
99,4.5,10,0.92,0
100,1.5,4,0.92,0
101,3.5,8,0.91,0
102,1.5,4,0.91,0
103,1.5,4,0.91,0
104,1.5,4,0.91,0
105,1.5,4,0.91,0
106,1.0,3,0.91,0
107,1.5,4,0.91,0
108,3.5,8,0.91,0
109,4.5,10,0.91,0
110,3.5,8,0.91,0
111,7.0,15,0.91,0
112,13.0,27,0.90,0
113,1.0,3,0.90,0
114,1.0,3,0.90,0
115,1.5,4,0.90,0
116,1.5,4,0.90,0
117,1.5,4,0.90,0
118,1.5,4,0.90,0
119,3.5,8,0.90,0
120,1.0,3,0.90,0
121,1.5,4,0.90,0
122,6.5,14,0.90,0
123,1.5,4,0.90,0
124,5.0,11,0.90,0
125,1.0,3,0.90,0
126,1.0,3,0.90,0
127,1.5,4,0.90,0
128,1.5,4,0.90,0
129,1.0,3,0.89,0
130,1.0,3,0.89,0
131,1.0,3,0.89,0
132,7.5,16,0.89,0
133,3.5,8,0.89,0
134,4.5,10,0.89,0
135,1.5,4,0.89,0
136,1.5,4,0.89,0
137,11.5,24,0.89,0
138,1.0,3,0.89,0
139,3.5,8,0.89,0
140,3.5,8,0.88,0
141,1.5,4,0.88,0
142,1.0,3,0.88,0
143,1.0,3,0.88,0
144,1.0,3,0.88,0
145,1.0,3,0.88,0
146,1.5,4,0.88,0
147,4.5,10,0.88,0
148,3.5,8,0.88,0
149,12.5,26,0.88,0
150,1.5,4,0.88,0
151,12.5,26,0.87,0
152,1.5,4,0.87,0
153,1.5,4,0.87,0
154,1.5,4,0.87,0
155,3.5,8,0.87,0
156,1.5,4,0.87,0
157,1.0,3,0.87,0
158,1.5,4,0.87,0
159,3.5,8,0.87,0
160,1.0,3,0.87,0
161,3.5,8,0.87,0
162,3.5,8,0.87,0
163,1.5,4,0.87,0
164,1.5,4,0.87,0
165,1.0,3,0.87,0
166,1.0,3,0.87,0
167,1.0,3,0.87,0
168,1.0,3,0.87,0
169,6.5,14,0.86,0
170,1.0,3,0.86,0
171,1.0,3,0.86,0
172,3.5,8,0.86,0
173,1.0,3,0.86,0
174,3.5,8,0.86,0
175,1.0,3,0.86,0
176,1.5,4,0.86,0
177,5.5,12,0.86,0
178,3.5,8,0.86,0
179,1.0,3,0.86,0
180,1.0,3,0.86,0
181,1.0,3,0.86,0
182,1.5,4,0.86,0
183,1.0,3,0.86,0
184,1.5,4,0.86,0
185,3.5,8,0.85,0
186,4.5,10,0.85,0
187,1.5,4,0.85,0
188,5.5,12,0.85,0
189,1.0,3,0.85,0
190,4.5,10,0.85,0
191,1.0,3,0.85,0
192,1.5,4,0.85,0
193,14.5,30,0.85,0
194,5.0,11,0.85,0
195,1.0,3,0.84,0
196,1.0,3,0.84,0
197,1.0,3,0.84,0
198,1.0,3,0.84,0
199,1.5,4,0.84,0
200,1.0,3,0.84,0
201,1.5,4,0.84,0
202,1.5,4,0.84,0
203,4.5,10,0.84,0
204,1.0,3,0.84,0
205,1.0,3,0.84,0
206,10.5,22,0.84,0
207,1.5,4,0.84,0
208,1.5,4,0.84,0
209,7.5,16,0.84,0
210,1.0,3,0.83,0
211,1.0,3,0.83,0
212,1.5,4,0.83,0
213,3.5,8,0.83,0
214,1.5,4,0.83,0
215,1.0,3,0.83,0
216,1.5,4,0.83,0
217,1.0,3,0.83,0
218,1.0,3,0.83,0
219,6.5,14,0.83,0
220,1.5,4,0.83,0
221,5.0,11,0.83,0
222,1.0,3,0.83,0
223,1.5,4,0.83,0
224,3.5,8,0.83,0
225,1.5,4,0.83,0
226,1.0,3,0.83,0
227,1.0,3,0.83,0
228,1.5,4,0.83,0
229,5.5,12,0.82,0
230,1.0,3,0.82,0
231,1.0,3,0.82,0
232,1.0,3,0.82,0
233,1.5,4,0.82,0
234,1.0,3,0.82,0
235,1.0,3,0.82,0
236,1.0,3,0.82,0
237,1.5,4,0.82,0
238,5.0,11,0.82,0
239,5.5,12,0.82,0
240,1.5,4,0.82,0
241,1.0,3,0.82,0
242,1.0,3,0.82,0
243,4.5,10,0.82,0
244,5.5,12,0.82,0
245,3.5,8,0.81,0
246,1.5,4,0.81,0
247,1.5,4,0.81,0
248,1.0,3,0.81,0
249,1.5,4,0.81,0
250,1.0,3,0.81,0
251,1.5,4,0.81,0
252,1.5,4,0.81,0
253,1.0,3,0.81,0
254,9.0,19,0.81,0
255,1.0,3,0.81,0
256,1.0,3,0.81,0
257,24.0,49,0.80,0
258,1.0,3,0.80,0
259,5.5,12,0.80,0
260,1.5,4,0.80,0
261,1.5,4,0.80,0
262,7.0,15,0.80,0
263,1.0,3,0.80,0
264,1.0,3,0.80,0
265,5.0,11,0.80,0
266,1.0,3,0.80,0
267,1.0,3,0.80,0
268,1.0,3,0.80,0
269,1.0,3,0.80,0
270,1.0,3,0.80,0
271,1.0,3,0.80,0
272,5.5,12,0.79,0
273,7.5,16,0.79,0
274,1.0,3,0.79,0
275,1.0,3,0.79,0
276,1.5,4,0.79,0
277,1.0,3,0.79,0
278,1.5,4,0.79,0
279,1.0,3,0.79,0
280,1.5,4,0.79,0
281,1.0,3,0.79,0
282,5.0,11,0.79,0
283,1.0,3,0.79,0
284,5.0,11,0.79,0
285,1.0,3,0.79,0
286,1.0,3,0.79,0
287,1.0,3,0.79,0
288,1.0,3,0.79,0
289,1.5,4,0.79,0
290,1.5,4,0.79,0
291,3.5,8,0.78,0
292,1.5,4,0.78,0
293,14.5,30,0.78,0
294,15.5,32,0.78,0
295,1.0,3,0.78,0
296,1.5,4,0.78,0
297,1.5,4,0.78,0
298,1.0,3,0.78,0
299,1.5,4,0.78,0
